     timestamp        |   TestCR   |         NW arch         |       NW Activation Funcs      | epoch | initLR | LRthres | LRtype | LRScaling | momLower | momUpper | dropType | earlySt | maxFail | weightInit |   L1  |   L2  | maxNorm
---------------------------------------------------------------------------------------------------------------------------------------------------------------------------------------------------------------------------------------
03-03-18_17-27-33-964 |     0.3959 |   500   500  1000     7 |   ReLu    ReLu    ReLu softmax |    50 | 0.0010 |      10 |      1 |     0.500 |       10 |       40 |        0 |       1 |       5 |          8 | 0.000 | 0.000 |  0.000
03-03-18_17-51-53-052 |     0.4199 |   500   500  1000     7 |   ReLu    ReLu    ReLu softmax |    50 | 0.0010 |      10 |      1 |     0.500 |       10 |       40 |        0 |       1 |       5 |          3 | 0.000 | 0.000 |  0.000
03-03-18_18-03-24-127 |     0.4062 |   500   500  1000     7 |   ReLu    ReLu    ReLu softmax |    50 | 0.0010 |      10 |      1 |     0.500 |       10 |       40 |        0 |       1 |       5 |          4 | 0.000 | 0.000 |  0.000
03-03-18_18-09-13-383 |     0.3962 |   500   500  1000     7 |   ReLu    ReLu    ReLu softmax |    50 | 0.0010 |      10 |      1 |     0.500 |       10 |       40 |        0 |       1 |       5 |          5 | 0.000 | 0.000 |  0.000
03-03-18_18-15-43-318 |     0.3945 |   500   500  1000     7 |   ReLu    ReLu    ReLu softmax |    50 | 0.0010 |      10 |      1 |     0.500 |       10 |       40 |        0 |       1 |       5 |          6 | 0.000 | 0.000 |  0.000
03-03-18_18-20-55-961 |     0.3904 |   500   500  1000     7 |   ReLu    ReLu    ReLu softmax |    50 | 0.0010 |      10 |      1 |     0.500 |       10 |       40 |        0 |       1 |       5 |          7 | 0.000 | 0.000 |  0.000
03-03-18_18-29-06-841 |     0.4015 |   500   500  1000     7 |   ReLu    ReLu    ReLu softmax |    50 | 0.0010 |      10 |      1 |     0.500 |       10 |       40 |        0 |       1 |       5 |         10 | 0.000 | 0.000 |  0.000
03-03-18_19-34-36-506 |     0.4177 |   500   500  1000     7 |   ReLu    ReLu    ReLu softmax |    50 | 0.0100 |       5 |      2 |     0.800 |        5 |       40 |        0 |       1 |       5 |          3 | 0.000 | 0.000 |  0.000
03-03-18_19-38-44-759 |     0.4093 |   500   500  1000     7 |   ReLu    ReLu    ReLu softmax |    50 | 0.0100 |      10 |      3 |     0.800 |       10 |       40 |        0 |       1 |       5 |          3 | 0.000 | 0.000 |  0.000
03-03-18_19-43-02-905 |     0.4196 |   500   500  1000     7 |   ReLu    ReLu    ReLu softmax |    50 | 0.0080 |       5 |      1 |     0.800 |        5 |       40 |        0 |       1 |       5 |          3 | 0.000 | 0.000 |  0.000
03-03-18_19-36-04-636 |     0.4021 |   500   500  1000     7 |   ReLu    ReLu    ReLu softmax |    50 | 0.0100 |       3 |      2 |     0.500 |        3 |       40 |        0 |       1 |       5 |          3 | 0.000 | 0.000 |  0.000
03-03-18_19-47-28-391 |     0.4174 |   500   500  1000     7 |   ReLu    ReLu    ReLu softmax |    50 | 0.0080 |      10 |      1 |     0.500 |       10 |       40 |        0 |       1 |       5 |          3 | 0.000 | 0.000 |  0.000
03-03-18_20-07-32-208 |     0.4230 |   500   500  1000     7 |   ReLu    ReLu    ReLu softmax |    50 | 0.0125 |      10 |      1 |     0.500 |       10 |       40 |        0 |       1 |       5 |          3 | 0.000 | 0.000 |  0.000
03-03-18_19-09-11-244 |     0.3909 |   500   500  1000     7 |   ReLu    ReLu    ReLu softmax |    50 | 0.0010 |      10 |      1 |     0.500 |       10 |       40 |        0 |       1 |       5 |          8 | 0.000 | 0.000 |  0.000
03-03-18_19-23-58-180 |     0.4001 |   500   500  1000     7 |   ReLu    ReLu    ReLu softmax |    50 | 0.0020 |      10 |      1 |     0.500 |       10 |       40 |        0 |       1 |       5 |          8 | 0.000 | 0.000 |  0.000
03-03-18_19-31-41-382 |     0.3906 |   500   500  1000     7 |   ReLu    ReLu    ReLu softmax |    50 | 0.0005 |      10 |      1 |     0.500 |       10 |       40 |        0 |       1 |       5 |          8 | 0.000 | 0.000 |  0.000
03-03-18_19-34-31-246 |     0.3901 |   500   500  1000     7 |   ReLu    ReLu    ReLu softmax |    50 | 0.0025 |      10 |      1 |     0.500 |       10 |       40 |        0 |       1 |       5 |          8 | 0.000 | 0.000 |  0.000
03-03-18_19-38-35-404 |     0.4062 |   500   500  1000     7 |   ReLu    ReLu    ReLu softmax |    50 | 0.0015 |      10 |      1 |     0.500 |       10 |       40 |        0 |       1 |       5 |          8 | 0.000 | 0.000 |  0.000
03-03-18_19-44-22-163 |     0.3996 |   500   500  1000     7 |   ReLu    ReLu    ReLu softmax |    50 | 0.0015 |      10 |      1 |     0.500 |       10 |       40 |        0 |       1 |       5 |          3 | 0.000 | 0.000 |  0.000
03-03-18_19-47-13-780 |     0.4104 |   500   500  1000     7 |   ReLu    ReLu    ReLu softmax |    50 | 0.0050 |      10 |      1 |     0.500 |       10 |       40 |        0 |       1 |       5 |          3 | 0.000 | 0.000 |  0.000
03-03-18_19-49-18-263 |     0.4188 |   500   500  1000     7 |   ReLu    ReLu    ReLu softmax |    50 | 0.0100 |      10 |      1 |     0.500 |       10 |       40 |        0 |       1 |       5 |          3 | 0.000 | 0.000 |  0.000
03-03-18_19-52-45-027 |     0.4029 |   500   500  1000     7 |   ReLu    ReLu    ReLu softmax |    50 | 0.0200 |      10 |      1 |     0.500 |       10 |       40 |        0 |       1 |       5 |          3 | 0.000 | 0.000 |  0.000
03-03-18_19-55-13-884 |     0.4177 |   500   500  1000     7 |   ReLu    ReLu    ReLu softmax |    50 | 0.0075 |      10 |      1 |     0.500 |       10 |       40 |        0 |       1 |       5 |          3 | 0.000 | 0.000 |  0.000
03-03-18_19-58-09-795 |     0.4218 |   500   500  1000     7 |   ReLu    ReLu    ReLu softmax |    50 | 0.0125 |      10 |      1 |     0.500 |       10 |       40 |        0 |       1 |       5 |          3 | 0.000 | 0.000 |  0.000
03-03-18_20-01-21-316 |     0.4140 |   500   500  1000     7 |   ReLu    ReLu    ReLu softmax |    50 | 0.0130 |      10 |      1 |     0.500 |       10 |       40 |        0 |       1 |       5 |          3 | 0.000 | 0.000 |  0.000
03-03-18_20-03-11-886 |     0.4054 |   500   500  1000     7 |   ReLu    ReLu    ReLu softmax |    50 | 0.0120 |      10 |      1 |     0.500 |       10 |       40 |        0 |       1 |       5 |          3 | 0.000 | 0.000 |  0.000
03-03-18_20-06-11-646 |     0.4260 |   500   500  1000     7 |   ReLu    ReLu    ReLu softmax |    50 | 0.0125 |      10 |      1 |     0.500 |       10 |       40 |        0 |       1 |       5 |          3 | 0.000 | 0.000 |  0.000
03-03-18_20-08-18-633 |     0.4182 |   500   500  1000     7 |   ReLu    ReLu    ReLu softmax |    50 | 0.0125 |      10 |      1 |     0.500 |       10 |       40 |        0 |       1 |       5 |          3 | 0.000 | 0.000 |  0.000
03-03-18_20-09-51-315 |     0.4163 |   500   500  1000     7 |   ReLu    ReLu    ReLu softmax |    50 | 0.1000 |      10 |      1 |     0.500 |       10 |       40 |        0 |       1 |       5 |          3 | 0.000 | 0.000 |  0.000
03-03-18_20-11-18-510 |     0.4163 |   500   500  1000     7 |   ReLu    ReLu    ReLu softmax |    50 | 0.0500 |      10 |      1 |     0.500 |       10 |       40 |        0 |       1 |       5 |          3 | 0.000 | 0.000 |  0.000
03-03-18_20-12-49-549 |     0.4143 |   500   500  1000     7 |   ReLu    ReLu    ReLu softmax |    50 | 0.0300 |      10 |      1 |     0.500 |       10 |       40 |        0 |       1 |       5 |          3 | 0.000 | 0.000 |  0.000
03-03-18_20-14-44-228 |     0.4291 |   500   500  1000     7 |   ReLu    ReLu    ReLu softmax |    50 | 0.0125 |      10 |      1 |     0.500 |       10 |       40 |        0 |       1 |       5 |          3 | 0.000 | 0.000 |  0.000
03-03-18_20-36-15-188 |     0.4241 |   500   500  1000     7 |   ReLu    ReLu    ReLu softmax |    50 | 0.0125 |       5 |      1 |     0.500 |        5 |       40 |        0 |       1 |       5 |          3 | 0.000 | 0.000 |  0.000
03-03-18_20-56-50-991 |     0.4154 |   500   500  1000     7 |   ReLu    ReLu    ReLu softmax |    50 | 0.0125 |       5 |      2 |     0.500 |        5 |       40 |        0 |       1 |       5 |          3 | 0.000 | 0.000 |  0.000
03-03-18_21-14-47-121 |     0.4244 |   500   500  1000     7 |   ReLu    ReLu    ReLu softmax |    50 | 0.0125 |       5 |      2 |     0.500 |        5 |       10 |        0 |       1 |       5 |          3 | 0.000 | 0.000 |  0.000
03-03-18_22-04-59-950 |     0.4218 |   500   500  1000     7 |   ReLu    ReLu    ReLu softmax |    50 | 0.0125 |       3 |      2 |     0.500 |        3 |       10 |        0 |       1 |       5 |          3 | 0.000 | 0.000 |  0.000
04-03-18_12-16-08-226 |     0.4193 |   500   500  1000     7 |   ReLu    ReLu    ReLu softmax |    50 | 0.0125 |       5 |      1 |     0.500 |       10 |       40 |        0 |       1 |       5 |          3 | 0.000 | 0.000 |  0.000
04-03-18_12-20-37-499 |     0.4182 |   500   500  1000     7 |   ReLu    ReLu    ReLu softmax |    50 | 0.0125 |       5 |      1 |     0.500 |        5 |       40 |        0 |       1 |       5 |          3 | 0.000 | 0.000 |  0.000
04-03-18_12-23-38-407 |     0.4154 |   500   500  1000     7 |   ReLu    ReLu    ReLu softmax |    50 | 0.0125 |       1 |      1 |     0.500 |        1 |       40 |        0 |       1 |       5 |          3 | 0.000 | 0.000 |  0.000
04-03-18_12-27-41-682 |     0.4065 |   500   500  1000     7 |   ReLu    ReLu    ReLu softmax |    50 | 0.0125 |      10 |      3 |     0.500 |       10 |       40 |        0 |       1 |       5 |          3 | 0.000 | 0.000 |  0.000
04-03-18_12-43-34-174 |     0.4082 |   500   500  1000     7 |   ReLu    ReLu    ReLu softmax |    50 | 0.0125 |       2 |      3 |     0.500 |        2 |       40 |        0 |       1 |       5 |          3 | 0.000 | 0.000 |  0.000
04-03-18_12-47-23-335 |     0.4160 |   500   500  1000     7 |   ReLu    ReLu    ReLu softmax |    50 | 0.0125 |      20 |      3 |     0.500 |        2 |       40 |        0 |       1 |       5 |          3 | 0.000 | 0.000 |  0.000
04-03-18_12-48-50-436 |     0.3965 |   500   500  1000     7 |   ReLu    ReLu    ReLu softmax |    50 | 0.0125 |      10 |      2 |     0.900 |        2 |       40 |        0 |       1 |       5 |          3 | 0.000 | 0.000 |  0.000
04-03-18_12-52-53-592 |     0.4235 |   500   500  1000     7 |   ReLu    ReLu    ReLu softmax |    50 | 0.0125 |       1 |      2 |     0.900 |        2 |       40 |        0 |       1 |       5 |          3 | 0.000 | 0.000 |  0.000
04-03-18_12-55-16-365 |     0.4182 |   500   500  1000     7 |   ReLu    ReLu    ReLu softmax |    50 | 0.0125 |       5 |      2 |     0.900 |        2 |       40 |        0 |       1 |       5 |          3 | 0.000 | 0.000 |  0.000
04-03-18_12-57-04-308 |     0.4074 |   500   500  1000     7 |   ReLu    ReLu    ReLu softmax |    50 | 0.0125 |       5 |      2 |     0.900 |        5 |       40 |        0 |       1 |       5 |          3 | 0.000 | 0.000 |  0.000
04-03-18_12-58-58-782 |     0.4199 |   500   500  1000     7 |   ReLu    ReLu    ReLu softmax |    50 | 0.0125 |       1 |      2 |     0.900 |        1 |       40 |        0 |       1 |       5 |          3 | 0.000 | 0.000 |  0.000
04-03-18_13-00-46-459 |     0.4202 |   500   500  1000     7 |   ReLu    ReLu    ReLu softmax |    50 | 0.0125 |       1 |      2 |     0.950 |        1 |       40 |        0 |       1 |       5 |          3 | 0.000 | 0.000 |  0.000
04-03-18_13-03-50-836 |     0.4291 |   500   500  1000     7 |   ReLu    ReLu    ReLu softmax |    50 | 0.0125 |       1 |      2 |     0.850 |        1 |       40 |        0 |       1 |       5 |          3 | 0.000 | 0.000 |  0.000
04-03-18_13-08-00-759 |     0.4207 |   500   500  1000     7 |   ReLu    ReLu    ReLu softmax |    50 | 0.0125 |       1 |      2 |     0.800 |        1 |       40 |        0 |       1 |       5 |          3 | 0.000 | 0.000 |  0.000
04-03-18_13-13-22-564 |     0.4255 |   750   750   500     7 |   ReLu    ReLu    ReLu softmax |    50 | 0.0125 |       1 |      2 |     0.800 |        1 |       40 |        0 |       1 |       5 |          3 | 0.000 | 0.000 |  0.000
04-03-18_13-16-10-053 |     0.4302 |   750   750   500     7 |   ReLu    ReLu    ReLu softmax |    50 | 0.0125 |       1 |      2 |     0.850 |        1 |       40 |        0 |       1 |       5 |          3 | 0.000 | 0.000 |  0.000
04-03-18_13-23-12-905 |     0.3441 |   500   500  1000     7 |   ReLu    ReLu    ReLu softmax |    50 | 0.0125 |       1 |      2 |     0.850 |        1 |       40 |        1 |       1 |       5 |          3 | 0.000 | 0.000 |  0.000
04-03-18_13-32-03-353 |     0.4266 |   500   500  1000     7 |   ReLu    ReLu    ReLu softmax |    50 | 0.0125 |       1 |      2 |     0.990 |        1 |       40 |        1 |       1 |       5 |          3 | 0.000 | 0.000 |  0.000
04-03-18_13-38-59-574 |     0.4561 |   500   500  1000     7 |   ReLu    ReLu    ReLu softmax |    50 | 0.0300 |       1 |      2 |     0.990 |        1 |       40 |        1 |       1 |       5 |          3 | 0.000 | 0.000 |  0.000
04-03-18_13-46-03-346 |     0.4232 |   500   500  1000     7 |   ReLu    ReLu    ReLu softmax |    50 | 0.0300 |       1 |      2 |     0.950 |        1 |       40 |        1 |       1 |       5 |          3 | 0.000 | 0.000 |  0.000
04-03-18_13-56-33-008 |     0.4611 |   500   500  1000     7 |   ReLu    ReLu    ReLu softmax |    50 | 0.0500 |       1 |      2 |     0.990 |        1 |       40 |        1 |       1 |       5 |          3 | 0.000 | 0.000 |  0.000
04-03-18_14-03-00-468 |     0.4536 |   500   500  1000     7 |   ReLu    ReLu    ReLu softmax |    50 | 0.1000 |       1 |      2 |     0.950 |        1 |       40 |        1 |       1 |       5 |          3 | 0.000 | 0.000 |  0.000
04-03-18_14-20-01-000 |     0.4600 |   500   500  1000     7 |   ReLu    ReLu    ReLu softmax |    50 | 0.0600 |       1 |      2 |     0.990 |        1 |       40 |        1 |       1 |       5 |          3 | 0.000 | 0.000 |  0.000
04-03-18_14-28-09-512 |     0.4508 |   500   500  1000     7 |   ReLu    ReLu    ReLu softmax |    50 | 0.0400 |       1 |      2 |     0.990 |        1 |       40 |        1 |       1 |       5 |          3 | 0.000 | 0.000 |  0.000
04-03-18_14-34-51-007 |     0.4411 |   500   500  1000     7 |   ReLu    ReLu    ReLu softmax |    50 | 0.0500 |       1 |      2 |     0.950 |        1 |       40 |        1 |       1 |       5 |          3 | 0.000 | 0.000 |  0.000
04-03-18_14-41-56-126 |     0.4525 |   500   500  1000     7 |   ReLu    ReLu    ReLu softmax |    50 | 0.0500 |      10 |      1 |     0.990 |        1 |       40 |        1 |       1 |       5 |          3 | 0.000 | 0.000 |  0.000
04-03-18_20-15-56-756 |     0.4062 |   500   500  1000     7 |   ReLu    ReLu    ReLu softmax |    50 | 0.0100 |      10 |      1 |     0.990 |        1 |       40 |        0 |       1 |       5 |          3 | 0.000 | 0.000 |  0.000
04-03-18_20-23-12-921 |     0.4475 |   500   500  1000     7 |   ReLu    ReLu    ReLu softmax |    50 | 0.0500 |       1 |      2 |     0.990 |        1 |       40 |        1 |       1 |       5 |          3 | 0.000 | 0.000 |  0.000
04-03-18_20-28-45-036 |     0.3605 |   500   500  1000     7 |   ReLu    ReLu    ReLu softmax |    50 | 0.0500 |       1 |      2 |     0.990 |        1 |       40 |        1 |       1 |       5 |          3 | 0.000 | 0.000 |  0.000
04-03-18_20-33-45-379 |     0.4076 |   500   500  1000     7 |   ReLu    ReLu    ReLu softmax |    50 | 0.0100 |      10 |      1 |     0.990 |       10 |       40 |        0 |       1 |       5 |          3 | 0.000 | 0.000 |  0.000
06-03-18_11-04-52-385 |     0.4188 |   500   500  1000     7 |   ReLu    ReLu    ReLu softmax |    50 | 0.0500 |      10 |      2 |     0.990 |        1 |       40 |        0 |       1 |       5 |          3 | 0.000 | 0.000 |  0.000
06-03-18_11-12-16-819 |     0.4366 |   500   500  1000     7 |   ReLu    ReLu    ReLu softmax |    50 | 0.0500 |      10 |      2 |     0.990 |        1 |       40 |        1 |       1 |       5 |          3 | 0.000 | 0.000 |  0.000
06-03-18_11-18-10-455 |     0.4419 |   500   500  1000     7 |   ReLu    ReLu    ReLu softmax |    50 | 0.0500 |       1 |      2 |     0.990 |        1 |       40 |        1 |       1 |       5 |          3 | 0.000 | 0.000 |  0.000
06-03-18_11-26-25-352 |     0.4575 |   500   500  1000     7 |   ReLu    ReLu    ReLu softmax |    50 | 0.0500 |       1 |      2 |     0.990 |        1 |       40 |        1 |       0 |       5 |          3 | 0.000 | 0.000 |  0.000
06-03-18_11-40-16-215 |     0.4798 |   500   500  1000     7 |   ReLu    ReLu    ReLu softmax |   100 | 0.0500 |       1 |      2 |     0.990 |        1 |       40 |        1 |       0 |       5 |          3 | 0.000 | 0.000 |  0.000
06-03-18_11-53-29-391 |     0.4790 |   500   500  1000     7 |   ReLu    ReLu    ReLu softmax |   100 | 0.0500 |       1 |      2 |     0.980 |        1 |       40 |        1 |       0 |       5 |          3 | 0.000 | 0.000 |  0.000
06-03-18_12-11-49-271 |     0.4865 |   750   750   500     7 |   ReLu    ReLu    ReLu softmax |   100 | 0.0500 |       1 |      2 |     0.990 |        1 |       40 |        1 |       0 |       5 |          3 | 0.000 | 0.000 |  0.000
06-03-18_13-03-42-474 |     0.4592 |   750   750   500     7 |   ReLu    ReLu    ReLu softmax |   100 | 0.0500 |       1 |      2 |     0.990 |        1 |       40 |        1 |       0 |       5 |          3 | 0.000 | 0.001 |  0.000
06-03-18_13-22-22-047 |     0.4592 |   750   750   500     7 |   ReLu    ReLu    ReLu softmax |   100 | 0.0500 |       1 |      2 |     0.995 |        1 |       40 |        1 |       0 |       5 |          3 | 0.000 | 0.001 |  0.000
06-03-18_13-41-30-315 |     0.4912 |   750   750   500     7 |   ReLu    ReLu    ReLu softmax |   100 | 0.0500 |       1 |      2 |     0.995 |        1 |       40 |        1 |       0 |       5 |          3 | 0.000 | 0.000 |  0.000
06-03-18_18-55-26-117 |     0.4762 |   750   750   500     7 |   ReLu    ReLu    ReLu softmax |   100 | 0.0500 |       1 |      2 |     0.995 |        1 |       40 |        1 |       0 |       5 |          3 | 0.000 | 0.000 |  0.000
06-03-18_20-04-40-311 |     0.4751 |   750   750   500     7 |   ReLu    ReLu    sigm softmax |   100 | 0.0500 |       1 |      2 |     0.995 |        1 |       40 |        1 |       0 |       5 |          3 | 0.000 | 0.000 |  0.000
06-03-18_20-22-09-309 |     0.4305 |   750   750   500     7 |   ReLu    ReLu    sigm softmax |   100 | 0.0500 |       1 |      2 |     0.950 |        1 |       40 |        1 |       0 |       5 |          3 | 0.000 | 0.000 |  0.000
06-03-18_20-52-44-973 |     0.4851 |   750   750   500     7 |   ReLu    ReLu    sigm softmax |   100 | 0.0400 |       1 |      2 |     0.995 |        1 |       40 |        1 |       0 |       5 |          3 | 0.000 | 0.000 |  0.000
06-03-18_21-13-24-259 |     0.4792 |   750   750   500     7 |   ReLu    ReLu    ReLu softmax |   100 | 0.0500 |       1 |      2 |     0.999 |        1 |       40 |        1 |       0 |       5 |          3 | 0.000 | 0.000 |  0.000
06-03-18_21-29-53-016 |     0.4851 |   750   750   500     7 |   ReLu    ReLu    ReLu softmax |   100 | 0.0400 |       1 |      2 |     0.995 |        1 |       40 |        1 |       0 |       5 |          3 | 0.000 | 0.000 |  0.000
06-03-18_21-56-59-483 |     0.4882 |   750   750   500     7 |   ReLu    ReLu    ReLu softmax |   100 | 0.1000 |       1 |      2 |     0.950 |        1 |       40 |        1 |       0 |       5 |          3 | 0.000 | 0.000 |  0.000
06-03-18_22-14-14-901 |     0.4804 |   750   750   500     7 |   ReLu    ReLu    ReLu softmax |   100 | 0.0500 |       1 |      2 |     0.995 |        1 |       20 |        1 |       0 |       5 |          3 | 0.000 | 0.000 |  0.000
06-03-18_22-34-45-931 |     0.4737 |   750   750   500     7 |   ReLu    ReLu    ReLu softmax |   100 | 0.0500 |       1 |      2 |     0.995 |        1 |       40 |        1 |       0 |       5 |          3 | 0.000 | 0.000 |  3.000
06-03-18_23-12-00-526 |     0.4834 |   750   750   500     7 |   ReLu    ReLu    ReLu softmax |   100 | 0.0500 |       1 |      2 |     0.995 |        1 |        2 |        1 |       0 |       5 |          3 | 0.000 | 0.000 |  0.000
04-03-18_18-45-25-708 |     0.2449 |   500   500  1000     7 |   ReLu    ReLu    ReLu softmax |    50 | 0.0500 |       1 |      2 |     0.990 |        1 |       40 |        0 |       1 |       5 |          3 | 0.000 | 0.100 |  0.000
04-03-18_18-49-08-998 |     0.2541 |   500   500  1000     7 |   ReLu    ReLu    ReLu softmax |    50 | 0.0500 |       1 |      2 |     0.990 |        1 |       40 |        0 |       1 |       5 |          3 | 0.000 | 0.090 |  0.000
04-03-18_18-50-46-294 |     0.3388 |   500   500  1000     7 |   ReLu    ReLu    ReLu softmax |    50 | 0.0500 |       1 |      2 |     0.990 |        1 |       40 |        0 |       1 |       5 |          3 | 0.000 | 0.050 |  0.000
04-03-18_18-53-15-268 |     0.4232 |   500   500  1000     7 |   ReLu    ReLu    ReLu softmax |    50 | 0.0500 |       1 |      2 |     0.990 |        1 |       40 |        0 |       1 |       5 |          3 | 0.000 | 0.010 |  0.000
04-03-18_18-57-30-540 |     0.4327 |   500   500  1000     7 |   ReLu    ReLu    ReLu softmax |    50 | 0.0500 |       1 |      2 |     0.990 |        1 |       40 |        0 |       1 |       5 |          3 | 0.000 | 0.009 |  0.000
04-03-18_18-59-54-506 |     0.4288 |   500   500  1000     7 |   ReLu    ReLu    ReLu softmax |    50 | 0.0500 |       1 |      2 |     0.990 |        1 |       40 |        0 |       1 |       5 |          3 | 0.000 | 0.008 |  0.000
04-03-18_19-02-40-169 |     0.4283 |   500   500  1000     7 |   ReLu    ReLu    ReLu softmax |    50 | 0.0500 |       1 |      2 |     0.990 |        1 |       40 |        0 |       1 |       5 |          3 | 0.000 | 0.007 |  0.000
04-03-18_19-05-29-397 |     0.4235 |   500   500  1000     7 |   ReLu    ReLu    ReLu softmax |    50 | 0.0500 |       1 |      2 |     0.990 |        1 |       40 |        0 |       1 |       5 |          3 | 0.000 | 0.006 |  0.000
04-03-18_19-34-53-318 |     0.4280 |   500   500  1000     7 |   ReLu    ReLu    ReLu softmax |    50 | 0.0500 |       1 |      2 |     0.990 |        1 |       40 |        0 |       1 |       5 |          3 | 0.000 | 0.005 |  0.000
04-03-18_19-38-47-692 |     0.4305 |   500   500  1000     7 |   ReLu    ReLu    ReLu softmax |    50 | 0.0500 |       1 |      2 |     0.990 |        1 |       40 |        0 |       1 |       5 |          3 | 0.000 | 0.002 |  0.000
04-03-18_19-40-33-770 |     0.4269 |   500   500  1000     7 |   ReLu    ReLu    ReLu softmax |    50 | 0.0500 |       1 |      2 |     0.990 |        1 |       40 |        0 |       1 |       5 |          3 | 0.000 | 0.003 |  0.000
04-03-18_19-42-20-604 |     0.4193 |   500   500  1000     7 |   ReLu    ReLu    ReLu softmax |    50 | 0.0500 |       1 |      2 |     0.990 |        1 |       40 |        0 |       1 |       5 |          3 | 0.000 | 0.001 |  0.000
04-03-18_19-44-00-343 |     0.4288 |   500   500  1000     7 |   ReLu    ReLu    ReLu softmax |    50 | 0.0500 |       1 |      2 |     0.990 |        1 |       40 |        0 |       1 |       5 |          3 | 0.000 | 0.003 |  0.000
04-03-18_19-46-53-918 |     0.4224 |   500   500  1000     7 |   ReLu    ReLu    ReLu softmax |    50 | 0.0500 |       1 |      2 |     0.990 |        1 |       40 |        0 |       1 |       5 |          3 | 0.000 | 0.009 |  0.000
04-03-18_19-50-47-452 |     0.4361 |   500   500  1000     7 |   ReLu    ReLu    ReLu softmax |    50 | 0.0500 |       1 |      2 |     0.990 |        1 |       40 |        0 |       1 |       5 |          3 | 0.000 | 0.004 |  0.000
04-03-18_20-35-32-948 |     0.4230 |   500   500  1000     7 |   ReLu    ReLu    ReLu softmax |    50 | 0.0500 |       1 |      2 |     0.990 |        1 |       40 |        0 |       1 |       5 |          3 | 0.000 |0.0001 |  0.000
04-03-18_20-39-57-463 |     0.4021 |   500   500  1000     7 |   ReLu    ReLu    ReLu softmax |    50 | 0.0500 |       1 |      2 |     0.990 |        1 |       40 |        0 |       1 |       5 |          3 | 0.000 |0.0000 |  0.000
04-03-18_20-45-49-239 |     0.4191 |   500   500  1000     7 |   ReLu    ReLu    ReLu softmax |    50 | 0.0500 |       1 |      2 |     0.990 |        1 |       40 |        0 |       1 |       5 |          3 | 0.000 |0.0001 |  0.000
04-03-18_20-53-19-659 |     0.4157 |   500   500  1000     7 |   ReLu    ReLu    ReLu softmax |    50 | 0.0500 |       1 |      2 |     0.990 |        1 |       40 |        0 |       1 |       5 |          3 | 0.000 |0.0009 |  0.000
04-03-18_20-59-13-752 |     0.4177 |   500   500  1000     7 |   ReLu    ReLu    ReLu softmax |    50 | 0.0500 |       1 |      2 |     0.990 |        1 |       40 |        0 |       1 |       5 |          3 | 0.000 |0.0005 |  0.000
04-03-18_21-29-23-030 |     0.2449 |   500   500  1000     7 |   ReLu    ReLu    ReLu softmax |    50 | 0.0500 |      10 |      1 |     0.850 |       10 |       40 |        0 |       1 |       5 |          3 | 0.000 | 0.100 |  0.000
04-03-18_21-31-34-109 |     0.2449 |   500   500  1000     7 |   ReLu    ReLu    ReLu softmax |    50 | 0.0500 |      10 |      1 |     0.850 |       10 |       40 |        0 |       1 |       5 |          3 | 0.000 | 0.300 |  0.000
04-03-18_21-33-32-801 |     0.2449 |   500   500  1000     7 |   ReLu    ReLu    ReLu softmax |    50 | 0.0500 |      10 |      1 |     0.850 |       10 |       40 |        0 |       1 |       5 |          3 | 0.000 | 0.500 |  0.000
04-03-18_21-34-59-010 |     0.2449 |   500   500  1000     7 |   ReLu    ReLu    ReLu softmax |    50 | 0.0500 |      10 |      1 |     0.850 |       10 |       40 |        0 |       1 |       5 |          3 | 0.000 | 0.800 |  0.000
04-03-18_21-36-13-441 |     0.4051 |   500   500  1000     7 |   ReLu    ReLu    ReLu softmax |    50 | 0.0500 |      10 |      1 |     0.850 |       10 |       40 |        0 |       1 |       5 |          3 | 0.000 | 0.010 |  0.000
04-03-18_21-39-17-978 |     0.3731 |   500   500  1000     7 |   ReLu    ReLu    ReLu softmax |    50 | 0.0500 |      10 |      1 |     0.850 |       10 |       40 |        0 |       1 |       5 |          3 | 0.000 | 0.030 |  0.000
04-03-18_21-40-03-982 |     0.3466 |   500   500  1000     7 |   ReLu    ReLu    ReLu softmax |    50 | 0.0500 |      10 |      1 |     0.850 |       10 |       40 |        0 |       1 |       5 |          3 | 0.000 | 0.050 |  0.000
04-03-18_21-43-56-994 |     0.3009 |   500   500  1000     7 |   ReLu    ReLu    ReLu softmax |    50 | 0.0500 |      10 |      1 |     0.850 |       10 |       40 |        0 |       1 |       5 |          3 | 0.000 | 0.080 |  0.000
04-03-18_21-45-05-348 |     0.4280 |   500   500  1000     7 |   ReLu    ReLu    ReLu softmax |    50 | 0.0500 |      10 |      1 |     0.850 |       10 |       40 |        0 |       1 |       5 |          3 | 0.000 | 0.001 |  0.000
04-03-18_21-46-28-492 |     0.4374 |   500   500  1000     7 |   ReLu    ReLu    ReLu softmax |    50 | 0.0500 |      10 |      1 |     0.850 |       10 |       40 |        0 |       1 |       5 |          3 | 0.000 | 0.003 |  0.000
04-03-18_21-47-55-172 |     0.4249 |   500   500  1000     7 |   ReLu    ReLu    ReLu softmax |    50 | 0.0500 |      10 |      1 |     0.850 |       10 |       40 |        0 |       1 |       5 |          3 | 0.000 | 0.005 |  0.000
04-03-18_21-49-17-251 |     0.4104 |   500   500  1000     7 |   ReLu    ReLu    ReLu softmax |    50 | 0.0500 |      10 |      1 |     0.850 |       10 |       40 |        0 |       1 |       5 |          3 | 0.000 | 0.008 |  0.000
04-03-18_22-21-38-770 |     0.4185 |   500   500  1000     7 |   ReLu    ReLu    ReLu softmax |    50 | 0.0125 |       1 |      2 |     0.850 |        1 |       40 |        0 |       1 |       5 |          3 | 0.000 | 0.001 |  0.000
04-03-18_22-23-50-081 |     0.4244 |   500   500  1000     7 |   ReLu    ReLu    ReLu softmax |    50 | 0.0125 |       1 |      2 |     0.850 |        1 |       40 |        0 |       1 |       5 |          3 | 0.000 | 0.003 |  0.000
04-03-18_22-25-46-588 |     0.4296 |   500   500  1000     7 |   ReLu    ReLu    ReLu softmax |    50 | 0.0125 |       1 |      2 |     0.850 |        1 |       40 |        0 |       1 |       5 |          3 | 0.000 | 0.005 |  0.000
04-03-18_22-28-40-157 |     0.4335 |   500   500  1000     7 |   ReLu    ReLu    ReLu softmax |    50 | 0.0125 |       1 |      2 |     0.850 |        1 |       40 |        0 |       1 |       5 |          3 | 0.000 | 0.008 |  0.000
04-03-18_22-31-54-228 |     0.4257 |   500   500  1000     7 |   ReLu    ReLu    ReLu softmax |    50 | 0.0125 |       1 |      2 |     0.850 |        1 |       40 |        0 |       1 |       5 |          3 | 0.000 | 0.010 |  0.000
04-03-18_22-38-44-721 |     0.3892 |   500   500  1000     7 |   ReLu    ReLu    ReLu softmax |    50 | 0.0125 |       1 |      2 |     0.850 |        1 |       40 |        0 |       1 |       5 |          3 | 0.000 | 0.030 |  0.000
04-03-18_22-39-51-690 |     0.3633 |   500   500  1000     7 |   ReLu    ReLu    ReLu softmax |    50 | 0.0125 |       1 |      2 |     0.850 |        1 |       40 |        0 |       1 |       5 |          3 | 0.000 | 0.050 |  0.000
04-03-18_22-40-49-904 |     0.3070 |   500   500  1000     7 |   ReLu    ReLu    ReLu softmax |    50 | 0.0125 |       1 |      2 |     0.850 |        1 |       40 |        0 |       1 |       5 |          3 | 0.000 | 0.080 |  0.000
04-03-18_22-41-40-998 |     0.2689 |   500   500  1000     7 |   ReLu    ReLu    ReLu softmax |    50 | 0.0125 |       1 |      2 |     0.850 |        1 |       40 |        0 |       1 |       5 |          3 | 0.000 | 0.100 |  0.000
04-03-18_22-48-25-002 |     0.2449 |   500   500  1000     7 |   ReLu    ReLu    ReLu softmax |    50 | 0.0125 |       1 |      2 |     0.850 |        1 |       40 |        0 |       1 |       5 |          3 | 0.000 | 0.300 |  0.000
04-03-18_22-55-07-598 |     0.2449 |   500   500  1000     7 |   ReLu    ReLu    ReLu softmax |    50 | 0.0125 |       1 |      2 |     0.850 |        1 |       40 |        0 |       1 |       5 |          3 | 0.000 | 0.500 |  0.000
04-03-18_23-01-58-077 |     0.2449 |   500   500  1000     7 |   ReLu    ReLu    ReLu softmax |    50 | 0.0125 |       1 |      2 |     0.850 |        1 |       40 |        0 |       1 |       5 |          3 | 0.000 | 0.800 |  0.000
05-03-18_15-01-06-844 |     0.4140 |   500   500  1000     7 |   ReLu    ReLu    ReLu softmax |    50 | 0.0500 |      10 |      1 |     0.990 |       10 |       40 |        0 |       1 |       5 |          3 | 0.000 | 0.000 |  0.000
05-03-18_15-08-33-872 |     0.4202 |   500   500  1000     7 |   ReLu    ReLu    ReLu softmax |    50 | 0.0125 |       1 |      2 |     0.850 |        1 |       40 |        0 |       1 |       5 |          3 | 0.000 | 0.000 |  0.000
06-03-18_14-50-59-854 |     0.4205 |   500   500  1000     7 |   ReLu    ReLu    ReLu softmax |    50 | 0.0500 |       1 |      2 |     0.990 |        1 |       40 |        0 |       1 |       5 |          3 |0.00001| 0.000 |  0.000
06-03-18_14-51-58-956 |     0.4296 |   500   500  1000     7 |   ReLu    ReLu    ReLu softmax |    50 | 0.0500 |       1 |      2 |     0.990 |        1 |       40 |        0 |       1 |       5 |          3 |0.0001 | 0.000 |  0.000
06-03-18_14-52-38-904 |     0.3745 |   500   500  1000     7 |   ReLu    ReLu    ReLu softmax |    50 | 0.0500 |       1 |      2 |     0.990 |        1 |       40 |        0 |       1 |       5 |          3 |0.0005 | 0.000 |  0.000
06-03-18_14-53-17-705 |     0.3683 |   500   500  1000     7 |   ReLu    ReLu    ReLu softmax |    50 | 0.0500 |       1 |      2 |     0.990 |        1 |       40 |        0 |       1 |       5 |          3 |0.0009 | 0.000 |  0.000
06-03-18_14-53-58-676 |     0.3541 |   500   500  1000     7 |   ReLu    ReLu    ReLu softmax |    50 | 0.0500 |       1 |      2 |     0.990 |        1 |       40 |        0 |       1 |       5 |          3 | 0.001 | 0.000 |  0.000
06-03-18_14-54-37-422 |     0.2449 |   500   500  1000     7 |   ReLu    ReLu    ReLu softmax |    50 | 0.0500 |       1 |      2 |     0.990 |        1 |       40 |        0 |       1 |       5 |          3 | 0.002 | 0.000 |  0.000
06-03-18_14-56-09-545 |     0.2449 |   500   500  1000     7 |   ReLu    ReLu    ReLu softmax |    50 | 0.0500 |       1 |      2 |     0.990 |        1 |       40 |        0 |       1 |       5 |          3 | 0.003 | 0.000 |  0.000
06-03-18_14-57-29-673 |     0.2449 |   500   500  1000     7 |   ReLu    ReLu    ReLu softmax |    50 | 0.0500 |       1 |      2 |     0.990 |        1 |       40 |        0 |       1 |       5 |          3 | 0.004 | 0.000 |  0.000
06-03-18_14-58-37-448 |     0.2449 |   500   500  1000     7 |   ReLu    ReLu    ReLu softmax |    50 | 0.0500 |       1 |      2 |     0.990 |        1 |       40 |        0 |       1 |       5 |          3 | 0.005 | 0.000 |  0.000
06-03-18_15-00-03-210 |     0.2449 |   500   500  1000     7 |   ReLu    ReLu    ReLu softmax |    50 | 0.0500 |       1 |      2 |     0.990 |        1 |       40 |        0 |       1 |       5 |          3 | 0.006 | 0.000 |  0.000
06-03-18_15-01-19-247 |     0.2449 |   500   500  1000     7 |   ReLu    ReLu    ReLu softmax |    50 | 0.0500 |       1 |      2 |     0.990 |        1 |       40 |        0 |       1 |       5 |          3 | 0.007 | 0.000 |  0.000
06-03-18_15-03-10-720 |     0.2449 |   500   500  1000     7 |   ReLu    ReLu    ReLu softmax |    50 | 0.0500 |       1 |      2 |     0.990 |        1 |       40 |        0 |       1 |       5 |          3 | 0.008 | 0.000 |  0.000
06-03-18_15-27-51-594 |     0.4113 |   500   500  1000     7 |   ReLu    ReLu    ReLu softmax |    50 | 0.0500 |       1 |      2 |     0.990 |        1 |       40 |        0 |       1 |       5 |          3 |0.0003 | 0.000 |  0.000
06-03-18_15-28-44-294 |     0.4185 |   500   500  1000     7 |   ReLu    ReLu    ReLu softmax |    50 | 0.0500 |       1 |      2 |     0.990 |        1 |       40 |        0 |       1 |       5 |          3 |0.00008| 0.000 |  0.000
06-03-18_15-29-35-429 |     0.4210 |   500   500  1000     7 |   ReLu    ReLu    ReLu softmax |    50 | 0.0500 |       1 |      2 |     0.990 |        1 |       40 |        0 |       1 |       5 |          3 |0.00005| 0.000 |  0.000
06-03-18_15-30-41-263 |     0.4299 |   500   500  1000     7 |   ReLu    ReLu    ReLu softmax |    50 | 0.0500 |       1 |      2 |     0.990 |        1 |       40 |        0 |       1 |       5 |          3 |0.00003| 0.000 |  0.000
06-03-18_15-47-35-845 |     0.2449 |   500   500  1000     7 |   ReLu    ReLu    ReLu softmax |    50 | 0.0500 |      10 |      1 |     0.850 |       10 |       40 |        0 |       1 |       5 |          3 |0.0080 | 0.000 |  0.000
06-03-18_15-48-45-028 |     0.2449 |   500   500  1000     7 |   ReLu    ReLu    ReLu softmax |    50 | 0.0500 |      10 |      1 |     0.850 |       10 |       40 |        0 |       1 |       5 |          3 |0.0050 | 0.000 |  0.000
06-03-18_15-49-47-050 |     0.2449 |   500   500  1000     7 |   ReLu    ReLu    ReLu softmax |    50 | 0.0500 |      10 |      1 |     0.850 |       10 |       40 |        0 |       1 |       5 |          3 |0.0030 | 0.000 |  0.000
06-03-18_15-50-26-197 |     0.3550 |   500   500  1000     7 |   ReLu    ReLu    ReLu softmax |    50 | 0.0500 |      10 |      1 |     0.850 |       10 |       40 |        0 |       1 |       5 |          3 |0.0010 | 0.000 |  0.000
06-03-18_16-20-39-813 |     0.3658 |   500   500  1000     7 |   ReLu    ReLu    ReLu softmax |    50 | 0.0500 |      10 |      1 |     0.850 |       10 |       40 |        0 |       1 |       5 |          3 |0.0008 | 0.000 |  0.000
06-03-18_16-21-26-304 |     0.3840 |   500   500  1000     7 |   ReLu    ReLu    ReLu softmax |    50 | 0.0500 |      10 |      1 |     0.850 |       10 |       40 |        0 |       1 |       5 |          3 |0.0005 | 0.000 |  0.000
06-03-18_16-24-03-326 |     0.4244 |   500   500  1000     7 |   ReLu    ReLu    ReLu softmax |    50 | 0.0500 |      10 |      1 |     0.850 |       10 |       40 |        0 |       1 |       5 |          3 |0.0003 | 0.000 |  0.000
06-03-18_16-25-08-018 |     0.4210 |   500   500  1000     7 |   ReLu    ReLu    ReLu softmax |    50 | 0.0500 |      10 |      1 |     0.850 |       10 |       40 |        0 |       1 |       5 |          3 |0.0001 | 0.000 |  0.000
06-03-18_16-26-17-260 |     0.4291 |   500   500  1000     7 |   ReLu    ReLu    ReLu softmax |    50 | 0.0500 |      10 |      1 |     0.850 |       10 |       40 |        0 |       1 |       5 |          3 |0.00008| 0.000 |  0.000
06-03-18_16-27-20-598 |     0.4310 |   500   500  1000     7 |   ReLu    ReLu    ReLu softmax |    50 | 0.0500 |      10 |      1 |     0.850 |       10 |       40 |        0 |       1 |       5 |          3 |0.00005| 0.000 |  0.000
06-03-18_16-28-17-008 |     0.4182 |   500   500  1000     7 |   ReLu    ReLu    ReLu softmax |    50 | 0.0500 |      10 |      1 |     0.850 |       10 |       40 |        0 |       1 |       5 |          3 |0.00003| 0.000 |  0.000
06-03-18_16-29-14-707 |     0.4277 |   500   500  1000     7 |   ReLu    ReLu    ReLu softmax |    50 | 0.0500 |      10 |      1 |     0.850 |       10 |       40 |        0 |       1 |       5 |          3 |0.00001| 0.000 |  0.000
06-03-18_16-59-40-653 |     0.3968 |   500   500  1000     7 |   ReLu    ReLu    ReLu softmax |    50 | 0.0125 |       1 |      2 |     0.850 |        1 |       40 |        0 |       1 |       5 |          3 |0.0008 | 0.000 |  0.000
06-03-18_17-02-49-191 |     0.4216 |   500   500  1000     7 |   ReLu    ReLu    ReLu softmax |    50 | 0.0125 |       1 |      2 |     0.850 |        1 |       40 |        0 |       1 |       5 |          3 |0.0005 | 0.000 |  0.000
06-03-18_17-04-40-766 |     0.4255 |   500   500  1000     7 |   ReLu    ReLu    ReLu softmax |    50 | 0.0125 |       1 |      2 |     0.850 |        1 |       40 |        0 |       1 |       5 |          3 |0.0003 | 0.000 |  0.000
06-03-18_17-06-10-315 |     0.4154 |   500   500  1000     7 |   ReLu    ReLu    ReLu softmax |    50 | 0.0125 |       1 |      2 |     0.850 |        1 |       40 |        0 |       1 |       5 |          3 |0.0001 | 0.000 |  0.000
06-03-18_17-07-35-712 |     0.4288 |   500   500  1000     7 |   ReLu    ReLu    ReLu softmax |    50 | 0.0125 |       1 |      2 |     0.850 |        1 |       40 |        0 |       1 |       5 |          3 |0.00008| 0.000 |  0.000
06-03-18_17-09-07-858 |     0.4291 |   500   500  1000     7 |   ReLu    ReLu    ReLu softmax |    50 | 0.0125 |       1 |      2 |     0.850 |        1 |       40 |        0 |       1 |       5 |          3 |0.00005| 0.000 |  0.000
06-03-18_17-10-23-090 |     0.4182 |   500   500  1000     7 |   ReLu    ReLu    ReLu softmax |    50 | 0.0125 |       1 |      2 |     0.850 |        1 |       40 |        0 |       1 |       5 |          3 |0.00003| 0.000 |  0.000
06-03-18_17-11-40-246 |     0.4166 |   500   500  1000     7 |   ReLu    ReLu    ReLu softmax |    50 | 0.0125 |       1 |      2 |     0.850 |        1 |       40 |        0 |       1 |       5 |          3 |0.00001| 0.000 |  0.000
06-03-18_17-24-46-990 |     0.2449 |   500   500  1000     7 |   ReLu    ReLu    ReLu softmax |    50 | 0.0125 |       1 |      2 |     0.850 |        1 |       40 |        0 |       1 |       5 |          3 | 0.008 | 0.000 |  0.000
06-03-18_17-30-17-529 |     0.2449 |   500   500  1000     7 |   ReLu    ReLu    ReLu softmax |    50 | 0.0125 |       1 |      2 |     0.850 |        1 |       40 |        0 |       1 |       5 |          3 | 0.005 | 0.000 |  0.000
06-03-18_17-32-00-663 |     0.3761 |   500   500  1000     7 |   ReLu    ReLu    ReLu softmax |    50 | 0.0125 |       1 |      2 |     0.850 |        1 |       40 |        0 |       1 |       5 |          3 | 0.001 | 0.000 |  0.000
06-03-18_17-35-20-860 |     0.2995 |   500   500  1000     7 |   ReLu    ReLu    ReLu softmax |    50 | 0.0125 |       1 |      2 |     0.850 |        1 |       40 |        0 |       1 |       5 |          3 | 0.003 | 0.000 |  0.000
06-03-18_18-45-17-948 |     0.4283 |   500   500  1000     7 |   ReLu    ReLu    ReLu softmax |    50 | 0.0125 |       1 |      2 |     0.850 |        1 |       40 |        0 |       1 |       5 |          3 |0.00005| 0.008 |  0.000
06-03-18_18-47-45-141 |     0.4327 |   500   500  1000     7 |   ReLu    ReLu    ReLu softmax |    50 | 0.0500 |       1 |      2 |     0.850 |        1 |       40 |        0 |       1 |       5 |          3 |0.00005| 0.008 |  0.000
06-03-18_18-49-59-248 |     0.4352 |   500   500  1000     7 |   ReLu    ReLu    ReLu softmax |    50 | 0.0500 |       1 |      1 |     0.850 |        1 |       40 |        0 |       1 |       5 |          3 |0.00005| 0.008 |  0.000
07-03-18_20-28-48-302 |     0.4152 |   500   500  1000     7 |leakyReLu leakyReLu leakyReLu softmax |   100 | 0.0125 |       1 |      2 |     0.900 |        1 |       40 |        0 |       1 |       5 |          3 | 0.000 | 0.000 |  0.000
07-03-18_20-30-43-304 |     0.4260 |   500   500  1000     7 |leakyReLu leakyReLu leakyReLu softmax |    50 | 0.0125 |       1 |      2 |     0.900 |        1 |       40 |        0 |       1 |       5 |          3 | 0.000 | 0.000 |  0.000
07-03-18_20-54-23-551 |     0.4765 |   750   750   500     7 |leakyReLu leakyReLu leakyReLu softmax |   100 | 0.0500 |       1 |      2 |     0.995 |        1 |        2 |        1 |       0 |       5 |          3 | 0.000 | 0.000 |  0.000
07-03-18_21-07-27-635 |     0.4728 |   750     7 |leakyReLu softmax |   100 | 0.0250 |       1 |      2 |     0.950 |        1 |        2 |        1 |       0 |       5 |          3 | 0.000 | 0.000 |  0.000
07-03-18_21-19-08-681 |     0.4790 |   750     7 |leakyReLu softmax |   100 | 0.0250 |       1 |      2 |     0.970 |        1 |        2 |        1 |       0 |       5 |          3 | 0.000 | 0.000 |  0.000
07-03-18_21-38-26-035 |     0.4809 |   750   750   500     7 |leakyReLu leakyReLu leakyReLu softmax |   100 | 0.0500 |       1 |      2 |     0.995 |        1 |        2 |        1 |       0 |       5 |          3 | 0.000 | 0.000 |  0.000
07-03-18_21-56-07-172 |     0.4862 |   750   750   500     7 |   ReLu    ReLu    sigm softmax |   100 | 0.0500 |       1 |      2 |     0.995 |        1 |        2 |        1 |       0 |       5 |          3 | 0.000 | 0.000 |  0.000
07-03-18_22-00-37-845 |     0.4207 |   500   500  1000     7 |   ReLu    ReLu    sigm softmax |    50 | 0.0125 |       1 |      2 |     0.900 |        1 |       40 |        0 |       1 |       5 |          3 | 0.000 | 0.000 |  0.000
07-03-18_22-07-13-613 |     0.3391 |   500   500  1000     7 |   sigm    sigm    sigm softmax |    50 | 0.0125 |       1 |      2 |     0.900 |        1 |       40 |        0 |       1 |       5 |          3 | 0.000 | 0.000 |  0.000
08-03-18_21-21-11-575 |     0.4001 |   500   500  1000     7 |   ReLu    ReLu    ReLu softmax |    50 | 0.0125 |      10 |      1 |     0.850 |       10 |       40 |        0 |       1 |       5 |          3 | 0.000 | 0.000 |  0.000
08-03-18_21-22-47-883 |     0.4171 |   500   500  1000     7 |   ReLu    ReLu    ReLu softmax |    50 | 0.0125 |       5 |      1 |     0.850 |       10 |       40 |        0 |       1 |       5 |          3 | 0.000 | 0.000 |  0.000
08-03-18_21-26-17-770 |     0.4101 |   500   500  1000     7 |   ReLu    ReLu    ReLu softmax |    50 | 0.0125 |       1 |      1 |     0.850 |       10 |       40 |        0 |       1 |       5 |          3 | 0.000 | 0.000 |  0.000
08-03-18_21-28-14-942 |     0.4126 |   500   500  1000     7 |   ReLu    ReLu    ReLu softmax |    50 | 0.0125 |      10 |      2 |     0.850 |       10 |       40 |        0 |       1 |       5 |          3 | 0.000 | 0.000 |  0.000
08-03-18_21-29-43-183 |     0.4093 |   500   500  1000     7 |   ReLu    ReLu    ReLu softmax |    50 | 0.0125 |       5 |      2 |     0.850 |       10 |       40 |        0 |       1 |       5 |          3 | 0.000 | 0.000 |  0.000
08-03-18_21-31-31-421 |     0.4182 |   500   500  1000     7 |   ReLu    ReLu    ReLu softmax |    50 | 0.0125 |       1 |      2 |     0.850 |       10 |       40 |        0 |       1 |       5 |          3 | 0.000 | 0.000 |  0.000
08-03-18_21-35-18-749 |     0.4138 |   500   500  1000     7 |   ReLu    ReLu    ReLu softmax |    50 | 0.0125 |       2 |      3 |     0.850 |       10 |       40 |        0 |       1 |       5 |          3 | 0.000 | 0.000 |  0.000
08-03-18_21-38-07-106 |     0.4135 |   500   500  1000     7 |   ReLu    ReLu    ReLu softmax |    50 | 0.0125 |       5 |      3 |     0.850 |       10 |       40 |        0 |       1 |       5 |          3 | 0.000 | 0.000 |  0.000
08-03-18_21-39-56-569 |     0.4182 |   500   500  1000     7 |   ReLu    ReLu    ReLu softmax |    50 | 0.0125 |      10 |      3 |     0.850 |       10 |       40 |        0 |       1 |       5 |          3 | 0.000 | 0.000 |  0.000
08-03-18_22-25-43-260 |     0.4882 |   750   750   500     7 |   ReLu    ReLu    ReLu softmax |   150 | 0.0500 |       1 |      2 |     0.995 |        1 |       40 |        1 |       0 |       5 |          3 | 0.000 | 0.000 |  0.000
08-03-18_22-53-05-490 |     0.4801 |   750   750   500     7 |   ReLu    ReLu    ReLu softmax |   150 | 0.0500 |       1 |      2 |     0.995 |        1 |       40 |        1 |       0 |       5 |          3 | 0.000 | 0.000 |  0.000
08-03-18_23-13-59-708 |     0.4887 |   750   750   500     7 |   ReLu    ReLu    ReLu softmax |   125 | 0.0500 |       1 |      2 |     0.995 |        1 |        2 |        1 |       0 |       5 |          3 | 0.000 | 0.000 |  0.000
08-03-18_23-31-38-933 |     0.4851 |   750   750   500     7 |   ReLu    ReLu    ReLu softmax |   100 | 0.0500 |       1 |      2 |     0.995 |        1 |        2 |        1 |       0 |       5 |          3 | 0.000 | 0.000 |  0.000
